2
InitPr 2
0 9.9998e-06
1 0.99999
OutputPr 188
0 ! 3.6836e-07
0 " 3.6836e-07
0 # 3.6836e-07
0 $ 3.6836e-07
0 % 3.6836e-07
0 & 3.6836e-07
0 ' 3.6836e-07
0 ( 3.6836e-07
0 ) 3.6836e-07
0 * 3.6836e-07
0 + 3.6836e-07
0 , 3.6836e-07
0 - 3.6836e-07
0 . 3.6836e-07
0 / 3.6836e-07
0 0 3.6836e-07
0 1 3.6836e-07
0 2 3.6836e-07
0 3 3.6836e-07
0 4 3.6836e-07
0 5 3.6836e-07
0 6 3.6836e-07
0 7 3.6836e-07
0 8 3.6836e-07
0 9 3.6836e-07
0 : 3.6836e-07
0 ; 3.6836e-07
0 < 3.6836e-07
0 = 3.6836e-07
0 > 3.6836e-07
0 ? 3.6836e-07
0 @ 3.6836e-07
0 A 4.61789e-07
0 B 3.6836e-07
0 C 3.6961e-07
0 D 0.0368364
0 E 0.0368364
0 F 3.6836e-07
0 G 3.69717e-07
0 H 0.110508
0 I 0.0368364
0 J 3.6836e-07
0 K 0.147344
0 L 0.0736724
0 M 0.110508
0 N 0.110508
0 O 3.6836e-07
0 P 0.0736722
0 Q 0.0736724
0 R 3.6836e-07
0 S 0.0736724
0 T 0.0422993
0 U 3.6836e-07
0 V 3.6836e-07
0 W 0.0368364
0 X 3.6836e-07
0 Y 0.0367668
0 Z 3.6836e-07
0 [ 3.6836e-07
0 \ 3.6836e-07
0 ] 3.6836e-07
0 ^ 3.6836e-07
0 _ 3.6836e-07
0 ` 3.6836e-07
0 a 3.6836e-07
0 b 3.6836e-07
0 c 3.6836e-07
0 d 3.6836e-07
0 e 3.6836e-07
0 f 3.6836e-07
0 g 3.6836e-07
0 h 3.6836e-07
0 i 3.6836e-07
0 j 3.6836e-07
0 k 3.6836e-07
0 l 3.6836e-07
0 m 3.6836e-07
0 n 3.6836e-07
0 o 3.6836e-07
0 p 3.6836e-07
0 q 3.6836e-07
0 r 3.6836e-07
0 s 3.6836e-07
0 t 3.6836e-07
0 u 3.6836e-07
0 v 3.6836e-07
0 w 3.6836e-07
0 x 3.6836e-07
0 y 3.6836e-07
0 z 3.6836e-07
0 { 3.6836e-07
0 | 3.6836e-07
0 } 3.6836e-07
0 ~ 3.6836e-07
1 ! 3.46566e-07
1 " 3.46566e-07
1 # 3.46566e-07
1 $ 3.46566e-07
1 % 3.46566e-07
1 & 3.46566e-07
1 ' 3.46566e-07
1 ( 3.46566e-07
1 ) 3.46566e-07
1 * 3.46566e-07
1 + 3.46566e-07
1 , 3.46566e-07
1 - 3.46566e-07
1 . 3.46566e-07
1 / 3.46566e-07
1 0 3.46566e-07
1 1 3.46566e-07
1 2 3.46566e-07
1 3 3.46566e-07
1 4 3.46566e-07
1 5 3.46566e-07
1 6 3.46566e-07
1 7 3.46566e-07
1 8 3.46566e-07
1 9 3.46566e-07
1 : 3.46566e-07
1 ; 3.46566e-07
1 < 3.46566e-07
1 = 3.46566e-07
1 > 3.46566e-07
1 ? 3.46566e-07
1 @ 3.46566e-07
1 A 0.381223
1 B 3.46566e-07
1 C 0.138627
1 D 3.4754e-07
1 E 3.4754e-07
1 F 3.46566e-07
1 G 0.173283
1 H 3.4754e-07
1 I 3.4754e-07
1 J 3.46566e-07
1 K 4.52745e-07
1 L 3.4754e-07
1 M 3.4754e-07
1 N 3.4754e-07
1 O 3.46566e-07
1 P 5.70039e-07
1 Q 3.47541e-07
1 R 3.46566e-07
1 S 3.57354e-07
1 T 0.30677
1 U 3.46566e-07
1 V 3.46566e-07
1 W 3.48138e-07
1 X 3.46566e-07
1 Y 6.57647e-05
1 Z 3.46566e-07
1 [ 3.46566e-07
1 \ 3.46566e-07
1 ] 3.46566e-07
1 ^ 3.46566e-07
1 _ 3.46566e-07
1 ` 3.46566e-07
1 a 3.46566e-07
1 b 3.46566e-07
1 c 3.46566e-07
1 d 3.46566e-07
1 e 3.46566e-07
1 f 3.46566e-07
1 g 3.46566e-07
1 h 3.46566e-07
1 i 3.46566e-07
1 j 3.46566e-07
1 k 3.46566e-07
1 l 3.46566e-07
1 m 3.46566e-07
1 n 3.46566e-07
1 o 3.46566e-07
1 p 3.46566e-07
1 q 3.46566e-07
1 r 3.46566e-07
1 s 3.46566e-07
1 t 3.46566e-07
1 u 3.46566e-07
1 v 3.46566e-07
1 w 3.46566e-07
1 x 3.46566e-07
1 y 3.46566e-07
1 z 3.46566e-07
1 { 3.46566e-07
1 | 3.46566e-07
1 } 3.46566e-07
1 ~ 3.46566e-07
TransPr 4
0 0 0.960809
0 1 0.0391914
1 0 0.070172
1 1 0.929828
